{
 "cells": [
  {
   "cell_type": "code",
   "execution_count": 1,
   "metadata": {},
   "outputs": [],
   "source": [
    "import numpy as np\n",
    "import pandas as pd"
   ]
  },
  {
   "cell_type": "code",
   "execution_count": 2,
   "metadata": {},
   "outputs": [],
   "source": [
    "heart_data=pd.read_csv('datasets_33180_43520_heart(1).csv')"
   ]
  },
  {
   "cell_type": "code",
   "execution_count": 3,
   "metadata": {},
   "outputs": [
    {
     "data": {
      "text/html": [
       "<div>\n",
       "<style scoped>\n",
       "    .dataframe tbody tr th:only-of-type {\n",
       "        vertical-align: middle;\n",
       "    }\n",
       "\n",
       "    .dataframe tbody tr th {\n",
       "        vertical-align: top;\n",
       "    }\n",
       "\n",
       "    .dataframe thead th {\n",
       "        text-align: right;\n",
       "    }\n",
       "</style>\n",
       "<table border=\"1\" class=\"dataframe\">\n",
       "  <thead>\n",
       "    <tr style=\"text-align: right;\">\n",
       "      <th></th>\n",
       "      <th>age</th>\n",
       "      <th>sex</th>\n",
       "      <th>cp</th>\n",
       "      <th>trestbps</th>\n",
       "      <th>chol</th>\n",
       "      <th>fbs</th>\n",
       "      <th>restecg</th>\n",
       "      <th>thalach</th>\n",
       "      <th>exang</th>\n",
       "      <th>oldpeak</th>\n",
       "      <th>slope</th>\n",
       "      <th>ca</th>\n",
       "      <th>thal</th>\n",
       "      <th>target</th>\n",
       "    </tr>\n",
       "  </thead>\n",
       "  <tbody>\n",
       "    <tr>\n",
       "      <th>0</th>\n",
       "      <td>63</td>\n",
       "      <td>1</td>\n",
       "      <td>3</td>\n",
       "      <td>145</td>\n",
       "      <td>233</td>\n",
       "      <td>1</td>\n",
       "      <td>0</td>\n",
       "      <td>150</td>\n",
       "      <td>0</td>\n",
       "      <td>2.3</td>\n",
       "      <td>0</td>\n",
       "      <td>0</td>\n",
       "      <td>1</td>\n",
       "      <td>1</td>\n",
       "    </tr>\n",
       "    <tr>\n",
       "      <th>1</th>\n",
       "      <td>37</td>\n",
       "      <td>1</td>\n",
       "      <td>2</td>\n",
       "      <td>130</td>\n",
       "      <td>250</td>\n",
       "      <td>0</td>\n",
       "      <td>1</td>\n",
       "      <td>187</td>\n",
       "      <td>0</td>\n",
       "      <td>3.5</td>\n",
       "      <td>0</td>\n",
       "      <td>0</td>\n",
       "      <td>2</td>\n",
       "      <td>1</td>\n",
       "    </tr>\n",
       "    <tr>\n",
       "      <th>2</th>\n",
       "      <td>41</td>\n",
       "      <td>0</td>\n",
       "      <td>1</td>\n",
       "      <td>130</td>\n",
       "      <td>204</td>\n",
       "      <td>0</td>\n",
       "      <td>0</td>\n",
       "      <td>172</td>\n",
       "      <td>0</td>\n",
       "      <td>1.4</td>\n",
       "      <td>2</td>\n",
       "      <td>0</td>\n",
       "      <td>2</td>\n",
       "      <td>1</td>\n",
       "    </tr>\n",
       "    <tr>\n",
       "      <th>3</th>\n",
       "      <td>56</td>\n",
       "      <td>1</td>\n",
       "      <td>1</td>\n",
       "      <td>120</td>\n",
       "      <td>236</td>\n",
       "      <td>0</td>\n",
       "      <td>1</td>\n",
       "      <td>178</td>\n",
       "      <td>0</td>\n",
       "      <td>0.8</td>\n",
       "      <td>2</td>\n",
       "      <td>0</td>\n",
       "      <td>2</td>\n",
       "      <td>1</td>\n",
       "    </tr>\n",
       "    <tr>\n",
       "      <th>4</th>\n",
       "      <td>57</td>\n",
       "      <td>0</td>\n",
       "      <td>0</td>\n",
       "      <td>120</td>\n",
       "      <td>354</td>\n",
       "      <td>0</td>\n",
       "      <td>1</td>\n",
       "      <td>163</td>\n",
       "      <td>1</td>\n",
       "      <td>0.6</td>\n",
       "      <td>2</td>\n",
       "      <td>0</td>\n",
       "      <td>2</td>\n",
       "      <td>1</td>\n",
       "    </tr>\n",
       "  </tbody>\n",
       "</table>\n",
       "</div>"
      ],
      "text/plain": [
       "   age  sex  cp  trestbps  chol  fbs  restecg  thalach  exang  oldpeak  slope  \\\n",
       "0   63    1   3       145   233    1        0      150      0      2.3      0   \n",
       "1   37    1   2       130   250    0        1      187      0      3.5      0   \n",
       "2   41    0   1       130   204    0        0      172      0      1.4      2   \n",
       "3   56    1   1       120   236    0        1      178      0      0.8      2   \n",
       "4   57    0   0       120   354    0        1      163      1      0.6      2   \n",
       "\n",
       "   ca  thal  target  \n",
       "0   0     1       1  \n",
       "1   0     2       1  \n",
       "2   0     2       1  \n",
       "3   0     2       1  \n",
       "4   0     2       1  "
      ]
     },
     "execution_count": 3,
     "metadata": {},
     "output_type": "execute_result"
    }
   ],
   "source": [
    "heart_data.head()"
   ]
  },
  {
   "cell_type": "code",
   "execution_count": 76,
   "metadata": {},
   "outputs": [
    {
     "data": {
      "text/html": [
       "<div>\n",
       "<style scoped>\n",
       "    .dataframe tbody tr th:only-of-type {\n",
       "        vertical-align: middle;\n",
       "    }\n",
       "\n",
       "    .dataframe tbody tr th {\n",
       "        vertical-align: top;\n",
       "    }\n",
       "\n",
       "    .dataframe thead th {\n",
       "        text-align: right;\n",
       "    }\n",
       "</style>\n",
       "<table border=\"1\" class=\"dataframe\">\n",
       "  <thead>\n",
       "    <tr style=\"text-align: right;\">\n",
       "      <th></th>\n",
       "      <th>age</th>\n",
       "      <th>sex</th>\n",
       "      <th>cp</th>\n",
       "      <th>trestbps</th>\n",
       "      <th>chol</th>\n",
       "      <th>fbs</th>\n",
       "      <th>restecg</th>\n",
       "      <th>thalach</th>\n",
       "      <th>exang</th>\n",
       "      <th>oldpeak</th>\n",
       "      <th>slope</th>\n",
       "      <th>ca</th>\n",
       "      <th>thal</th>\n",
       "      <th>target</th>\n",
       "    </tr>\n",
       "  </thead>\n",
       "  <tbody>\n",
       "    <tr>\n",
       "      <th>age</th>\n",
       "      <td>1.000000</td>\n",
       "      <td>-0.098447</td>\n",
       "      <td>-0.068653</td>\n",
       "      <td>0.279351</td>\n",
       "      <td>0.213678</td>\n",
       "      <td>0.121308</td>\n",
       "      <td>-0.116211</td>\n",
       "      <td>-0.398522</td>\n",
       "      <td>0.096801</td>\n",
       "      <td>0.210013</td>\n",
       "      <td>-0.168814</td>\n",
       "      <td>0.276326</td>\n",
       "      <td>0.068001</td>\n",
       "      <td>-0.225439</td>\n",
       "    </tr>\n",
       "    <tr>\n",
       "      <th>sex</th>\n",
       "      <td>-0.098447</td>\n",
       "      <td>1.000000</td>\n",
       "      <td>-0.049353</td>\n",
       "      <td>-0.056769</td>\n",
       "      <td>-0.197912</td>\n",
       "      <td>0.045032</td>\n",
       "      <td>-0.058196</td>\n",
       "      <td>-0.044020</td>\n",
       "      <td>0.141664</td>\n",
       "      <td>0.096093</td>\n",
       "      <td>-0.030711</td>\n",
       "      <td>0.118261</td>\n",
       "      <td>0.210041</td>\n",
       "      <td>-0.280937</td>\n",
       "    </tr>\n",
       "    <tr>\n",
       "      <th>cp</th>\n",
       "      <td>-0.068653</td>\n",
       "      <td>-0.049353</td>\n",
       "      <td>1.000000</td>\n",
       "      <td>0.047608</td>\n",
       "      <td>-0.076904</td>\n",
       "      <td>0.094444</td>\n",
       "      <td>0.044421</td>\n",
       "      <td>0.295762</td>\n",
       "      <td>-0.394280</td>\n",
       "      <td>-0.149230</td>\n",
       "      <td>0.119717</td>\n",
       "      <td>-0.181053</td>\n",
       "      <td>-0.161736</td>\n",
       "      <td>0.433798</td>\n",
       "    </tr>\n",
       "    <tr>\n",
       "      <th>trestbps</th>\n",
       "      <td>0.279351</td>\n",
       "      <td>-0.056769</td>\n",
       "      <td>0.047608</td>\n",
       "      <td>1.000000</td>\n",
       "      <td>0.123174</td>\n",
       "      <td>0.177531</td>\n",
       "      <td>-0.114103</td>\n",
       "      <td>-0.046698</td>\n",
       "      <td>0.067616</td>\n",
       "      <td>0.193216</td>\n",
       "      <td>-0.121475</td>\n",
       "      <td>0.101389</td>\n",
       "      <td>0.062210</td>\n",
       "      <td>-0.144931</td>\n",
       "    </tr>\n",
       "    <tr>\n",
       "      <th>chol</th>\n",
       "      <td>0.213678</td>\n",
       "      <td>-0.197912</td>\n",
       "      <td>-0.076904</td>\n",
       "      <td>0.123174</td>\n",
       "      <td>1.000000</td>\n",
       "      <td>0.013294</td>\n",
       "      <td>-0.151040</td>\n",
       "      <td>-0.009940</td>\n",
       "      <td>0.067023</td>\n",
       "      <td>0.053952</td>\n",
       "      <td>-0.004038</td>\n",
       "      <td>0.070511</td>\n",
       "      <td>0.098803</td>\n",
       "      <td>-0.085239</td>\n",
       "    </tr>\n",
       "    <tr>\n",
       "      <th>fbs</th>\n",
       "      <td>0.121308</td>\n",
       "      <td>0.045032</td>\n",
       "      <td>0.094444</td>\n",
       "      <td>0.177531</td>\n",
       "      <td>0.013294</td>\n",
       "      <td>1.000000</td>\n",
       "      <td>-0.084189</td>\n",
       "      <td>-0.008567</td>\n",
       "      <td>0.025665</td>\n",
       "      <td>0.005747</td>\n",
       "      <td>-0.059894</td>\n",
       "      <td>0.137979</td>\n",
       "      <td>-0.032019</td>\n",
       "      <td>-0.028046</td>\n",
       "    </tr>\n",
       "    <tr>\n",
       "      <th>restecg</th>\n",
       "      <td>-0.116211</td>\n",
       "      <td>-0.058196</td>\n",
       "      <td>0.044421</td>\n",
       "      <td>-0.114103</td>\n",
       "      <td>-0.151040</td>\n",
       "      <td>-0.084189</td>\n",
       "      <td>1.000000</td>\n",
       "      <td>0.044123</td>\n",
       "      <td>-0.070733</td>\n",
       "      <td>-0.058770</td>\n",
       "      <td>0.093045</td>\n",
       "      <td>-0.072042</td>\n",
       "      <td>-0.011981</td>\n",
       "      <td>0.137230</td>\n",
       "    </tr>\n",
       "    <tr>\n",
       "      <th>thalach</th>\n",
       "      <td>-0.398522</td>\n",
       "      <td>-0.044020</td>\n",
       "      <td>0.295762</td>\n",
       "      <td>-0.046698</td>\n",
       "      <td>-0.009940</td>\n",
       "      <td>-0.008567</td>\n",
       "      <td>0.044123</td>\n",
       "      <td>1.000000</td>\n",
       "      <td>-0.378812</td>\n",
       "      <td>-0.344187</td>\n",
       "      <td>0.386784</td>\n",
       "      <td>-0.213177</td>\n",
       "      <td>-0.096439</td>\n",
       "      <td>0.421741</td>\n",
       "    </tr>\n",
       "    <tr>\n",
       "      <th>exang</th>\n",
       "      <td>0.096801</td>\n",
       "      <td>0.141664</td>\n",
       "      <td>-0.394280</td>\n",
       "      <td>0.067616</td>\n",
       "      <td>0.067023</td>\n",
       "      <td>0.025665</td>\n",
       "      <td>-0.070733</td>\n",
       "      <td>-0.378812</td>\n",
       "      <td>1.000000</td>\n",
       "      <td>0.288223</td>\n",
       "      <td>-0.257748</td>\n",
       "      <td>0.115739</td>\n",
       "      <td>0.206754</td>\n",
       "      <td>-0.436757</td>\n",
       "    </tr>\n",
       "    <tr>\n",
       "      <th>oldpeak</th>\n",
       "      <td>0.210013</td>\n",
       "      <td>0.096093</td>\n",
       "      <td>-0.149230</td>\n",
       "      <td>0.193216</td>\n",
       "      <td>0.053952</td>\n",
       "      <td>0.005747</td>\n",
       "      <td>-0.058770</td>\n",
       "      <td>-0.344187</td>\n",
       "      <td>0.288223</td>\n",
       "      <td>1.000000</td>\n",
       "      <td>-0.577537</td>\n",
       "      <td>0.222682</td>\n",
       "      <td>0.210244</td>\n",
       "      <td>-0.430696</td>\n",
       "    </tr>\n",
       "    <tr>\n",
       "      <th>slope</th>\n",
       "      <td>-0.168814</td>\n",
       "      <td>-0.030711</td>\n",
       "      <td>0.119717</td>\n",
       "      <td>-0.121475</td>\n",
       "      <td>-0.004038</td>\n",
       "      <td>-0.059894</td>\n",
       "      <td>0.093045</td>\n",
       "      <td>0.386784</td>\n",
       "      <td>-0.257748</td>\n",
       "      <td>-0.577537</td>\n",
       "      <td>1.000000</td>\n",
       "      <td>-0.080155</td>\n",
       "      <td>-0.104764</td>\n",
       "      <td>0.345877</td>\n",
       "    </tr>\n",
       "    <tr>\n",
       "      <th>ca</th>\n",
       "      <td>0.276326</td>\n",
       "      <td>0.118261</td>\n",
       "      <td>-0.181053</td>\n",
       "      <td>0.101389</td>\n",
       "      <td>0.070511</td>\n",
       "      <td>0.137979</td>\n",
       "      <td>-0.072042</td>\n",
       "      <td>-0.213177</td>\n",
       "      <td>0.115739</td>\n",
       "      <td>0.222682</td>\n",
       "      <td>-0.080155</td>\n",
       "      <td>1.000000</td>\n",
       "      <td>0.151832</td>\n",
       "      <td>-0.391724</td>\n",
       "    </tr>\n",
       "    <tr>\n",
       "      <th>thal</th>\n",
       "      <td>0.068001</td>\n",
       "      <td>0.210041</td>\n",
       "      <td>-0.161736</td>\n",
       "      <td>0.062210</td>\n",
       "      <td>0.098803</td>\n",
       "      <td>-0.032019</td>\n",
       "      <td>-0.011981</td>\n",
       "      <td>-0.096439</td>\n",
       "      <td>0.206754</td>\n",
       "      <td>0.210244</td>\n",
       "      <td>-0.104764</td>\n",
       "      <td>0.151832</td>\n",
       "      <td>1.000000</td>\n",
       "      <td>-0.344029</td>\n",
       "    </tr>\n",
       "    <tr>\n",
       "      <th>target</th>\n",
       "      <td>-0.225439</td>\n",
       "      <td>-0.280937</td>\n",
       "      <td>0.433798</td>\n",
       "      <td>-0.144931</td>\n",
       "      <td>-0.085239</td>\n",
       "      <td>-0.028046</td>\n",
       "      <td>0.137230</td>\n",
       "      <td>0.421741</td>\n",
       "      <td>-0.436757</td>\n",
       "      <td>-0.430696</td>\n",
       "      <td>0.345877</td>\n",
       "      <td>-0.391724</td>\n",
       "      <td>-0.344029</td>\n",
       "      <td>1.000000</td>\n",
       "    </tr>\n",
       "  </tbody>\n",
       "</table>\n",
       "</div>"
      ],
      "text/plain": [
       "               age       sex        cp  trestbps      chol       fbs  \\\n",
       "age       1.000000 -0.098447 -0.068653  0.279351  0.213678  0.121308   \n",
       "sex      -0.098447  1.000000 -0.049353 -0.056769 -0.197912  0.045032   \n",
       "cp       -0.068653 -0.049353  1.000000  0.047608 -0.076904  0.094444   \n",
       "trestbps  0.279351 -0.056769  0.047608  1.000000  0.123174  0.177531   \n",
       "chol      0.213678 -0.197912 -0.076904  0.123174  1.000000  0.013294   \n",
       "fbs       0.121308  0.045032  0.094444  0.177531  0.013294  1.000000   \n",
       "restecg  -0.116211 -0.058196  0.044421 -0.114103 -0.151040 -0.084189   \n",
       "thalach  -0.398522 -0.044020  0.295762 -0.046698 -0.009940 -0.008567   \n",
       "exang     0.096801  0.141664 -0.394280  0.067616  0.067023  0.025665   \n",
       "oldpeak   0.210013  0.096093 -0.149230  0.193216  0.053952  0.005747   \n",
       "slope    -0.168814 -0.030711  0.119717 -0.121475 -0.004038 -0.059894   \n",
       "ca        0.276326  0.118261 -0.181053  0.101389  0.070511  0.137979   \n",
       "thal      0.068001  0.210041 -0.161736  0.062210  0.098803 -0.032019   \n",
       "target   -0.225439 -0.280937  0.433798 -0.144931 -0.085239 -0.028046   \n",
       "\n",
       "           restecg   thalach     exang   oldpeak     slope        ca  \\\n",
       "age      -0.116211 -0.398522  0.096801  0.210013 -0.168814  0.276326   \n",
       "sex      -0.058196 -0.044020  0.141664  0.096093 -0.030711  0.118261   \n",
       "cp        0.044421  0.295762 -0.394280 -0.149230  0.119717 -0.181053   \n",
       "trestbps -0.114103 -0.046698  0.067616  0.193216 -0.121475  0.101389   \n",
       "chol     -0.151040 -0.009940  0.067023  0.053952 -0.004038  0.070511   \n",
       "fbs      -0.084189 -0.008567  0.025665  0.005747 -0.059894  0.137979   \n",
       "restecg   1.000000  0.044123 -0.070733 -0.058770  0.093045 -0.072042   \n",
       "thalach   0.044123  1.000000 -0.378812 -0.344187  0.386784 -0.213177   \n",
       "exang    -0.070733 -0.378812  1.000000  0.288223 -0.257748  0.115739   \n",
       "oldpeak  -0.058770 -0.344187  0.288223  1.000000 -0.577537  0.222682   \n",
       "slope     0.093045  0.386784 -0.257748 -0.577537  1.000000 -0.080155   \n",
       "ca       -0.072042 -0.213177  0.115739  0.222682 -0.080155  1.000000   \n",
       "thal     -0.011981 -0.096439  0.206754  0.210244 -0.104764  0.151832   \n",
       "target    0.137230  0.421741 -0.436757 -0.430696  0.345877 -0.391724   \n",
       "\n",
       "              thal    target  \n",
       "age       0.068001 -0.225439  \n",
       "sex       0.210041 -0.280937  \n",
       "cp       -0.161736  0.433798  \n",
       "trestbps  0.062210 -0.144931  \n",
       "chol      0.098803 -0.085239  \n",
       "fbs      -0.032019 -0.028046  \n",
       "restecg  -0.011981  0.137230  \n",
       "thalach  -0.096439  0.421741  \n",
       "exang     0.206754 -0.436757  \n",
       "oldpeak   0.210244 -0.430696  \n",
       "slope    -0.104764  0.345877  \n",
       "ca        0.151832 -0.391724  \n",
       "thal      1.000000 -0.344029  \n",
       "target   -0.344029  1.000000  "
      ]
     },
     "execution_count": 76,
     "metadata": {},
     "output_type": "execute_result"
    }
   ],
   "source": [
    "heart_data.corr()"
   ]
  },
  {
   "cell_type": "code",
   "execution_count": 102,
   "metadata": {},
   "outputs": [],
   "source": [
    "x=pd.DataFrame(heart_data,columns=['age','sex','cp','trestbps','chol','restecg','thalach','exang','oldpeak'])\n",
    "y=heart_data.iloc[:,13:14]"
   ]
  },
  {
   "cell_type": "code",
   "execution_count": 103,
   "metadata": {},
   "outputs": [],
   "source": [
    "from sklearn.model_selection import train_test_split\n",
    "x_train,x_test,y_train,y_test=train_test_split(x,y,test_size=0.30,random_state=200)"
   ]
  },
  {
   "cell_type": "code",
   "execution_count": 104,
   "metadata": {},
   "outputs": [
    {
     "name": "stderr",
     "output_type": "stream",
     "text": [
      "C:\\Users\\Sujit\\Anaconda3\\New folder\\lib\\site-packages\\sklearn\\utils\\validation.py:724: DataConversionWarning: A column-vector y was passed when a 1d array was expected. Please change the shape of y to (n_samples, ), for example using ravel().\n",
      "  y = column_or_1d(y, warn=True)\n"
     ]
    },
    {
     "data": {
      "text/plain": [
       "GaussianNB(priors=None, var_smoothing=1e-09)"
      ]
     },
     "execution_count": 104,
     "metadata": {},
     "output_type": "execute_result"
    }
   ],
   "source": [
    "from sklearn.naive_bayes import MultinomialNB\n",
    "model=GaussianNB()\n",
    "model.fit(x_train,y_train)"
   ]
  },
  {
   "cell_type": "code",
   "execution_count": 105,
   "metadata": {},
   "outputs": [],
   "source": [
    "y_pred=model.predict(x_test)"
   ]
  },
  {
   "cell_type": "code",
   "execution_count": 108,
   "metadata": {},
   "outputs": [
    {
     "name": "stdout",
     "output_type": "stream",
     "text": [
      "Accuracy: 0.8351648351648352\n",
      "Confusion Matrix:\n",
      " [[33 10]\n",
      " [ 5 43]]\n"
     ]
    }
   ],
   "source": [
    "from sklearn.metrics import confusion_matrix,classification_report,accuracy_score\n",
    "print('Accuracy:',accuracy_score(y_test,y_pred))\n",
    "print('Confusion Matrix:\\n',confusion_matrix(y_test,y_pred))"
   ]
  },
  {
   "cell_type": "code",
   "execution_count": null,
   "metadata": {},
   "outputs": [],
   "source": []
  },
  {
   "cell_type": "code",
   "execution_count": null,
   "metadata": {},
   "outputs": [],
   "source": []
  }
 ],
 "metadata": {
  "kernelspec": {
   "display_name": "Python 3",
   "language": "python",
   "name": "python3"
  },
  "language_info": {
   "codemirror_mode": {
    "name": "ipython",
    "version": 3
   },
   "file_extension": ".py",
   "mimetype": "text/x-python",
   "name": "python",
   "nbconvert_exporter": "python",
   "pygments_lexer": "ipython3",
   "version": "3.7.6"
  }
 },
 "nbformat": 4,
 "nbformat_minor": 4
}
